[[1, 1, 1, 1, 1, 1, 1, 1, 1, 1, 1, 1, 3, 3, 3, 3, 3, 3, 3, 3, 3, 1, 1, 1, 1, 1, 1, 1, 1, 1, 1],
 [1, 8, 8, 8, 8, 1, 1, 8, 8, 8, 8, 1, 3, 3, 3, 3, 3, 3, 3, 3, 3, 1, 8, 8, 8, 8, 8, 8, 8, 8, 1],
 [1, 8, 1, 1, 8, 1, 1, 8, 1, 1, 8, 1, 3, 3, 3, 3, 3, 3, 3, 3, 3, 1, 8, 1, 1, 8, 1, 1, 1, 8, 1],
 [1, 8, 1, 1, 8, 8, 8, 8, 1, 1, 8, 1, 3, 3, 3, 3, 3, 3, 3, 3, 3, 1, 8, 1, 1, 8, 1, 3, 1, 8, 1],
 [1, 8, 1, 1, 8, 1, 1, 1, 1, 1, 8, 1, 3, 3, 3, 3, 3, 3, 3, 3, 3, 1, 8, 1, 1, 8, 1, 3, 1, 8, 1],
 [1, 8, 1, 1, 8, 1, 1, 1, 1, 1, 8, 1, 1, 1, 1, 1, 1, 1, 1, 1, 1, 1, 8, 1, 1, 8, 1, 1, 1, 8, 1],
 [1, 8, 1, 1, 8, 8, 8, 8, 8, 8, 8, 8, 8, 8, 8, 8, 8, 8, 8, 8, 8, 8, 8, 8, 8, 8, 8, 8, 8, 8, 1],
 [1, 8, 1, 1, 1, 1, 1, 8, 1, 1, 8, 1, 1, 1, 1, 1, 8, 1, 1, 1, 1, 1, 1, 1, 1, 8, 1, 1, 1, 8, 1],
 [1, 8, 1, 1, 1, 1, 1, 8, 1, 1, 8, 1, 1, 1, 1, 1, 8, 1, 1, 1, 1, 1, 1, 1, 1, 8, 1, 3, 1, 8, 1],
 [1, 8, 1, 1, 8, 8, 8, 8, 1, 1, 8, 8, 8, 8, 8, 8, 8, 8, 8, 8, 1, 1, 8, 8, 8, 8, 1, 3, 1, 8, 1],
 [1, 8, 1, 1, 8, 1, 1, 8, 1, 1, 8, 1, 1, 8, 1, 1, 1, 1, 1, 8, 1, 1, 8, 1, 1, 8, 1, 3, 1, 8, 1],
 [1, 8, 1, 1, 8, 1, 1, 8, 1, 1, 8, 1, 1, 8, 1, 5, 5, 5, 1, 8, 1, 1, 8, 1, 1, 8, 1, 1, 1, 8, 1],
 [1, 8, 8, 8, 8, 1, 1, 8, 8, 8, 8, 1, 1, 8, 1, 5, 5, 5, 1, 8, 8, 8, 8, 1, 1, 8, 8, 8, 8, 8, 1],
 [1, 8, 1, 1, 1, 1, 1, 8, 1, 1, 1, 1, 1, 8, 1, 5, 5, 5, 5, 8, 1, 1, 1, 1, 1, 8, 1, 1, 1, 1, 1],
 [1, 8, 1, 1, 1, 1, 1, 8, 1, 1, 1, 1, 1, 8, 1, 5, 5, 5, 5, 8, 1, 1, 1, 1, 1, 8, 1, 1, 1, 1, 1],
 [1, 8, 8, 8, 8, 1, 1, 8, 8, 8, 8, 1, 1, 8, 1, 5, 5, 5, 1, 8, 8, 8, 8, 1, 1, 8, 8, 8, 8, 8, 1],
 [1, 8, 1, 1, 8, 1, 1, 8, 1, 1, 8, 1, 1, 8, 1, 5, 5, 5, 1, 8, 1, 1, 8, 1, 1, 8, 1, 1, 1, 8, 1],
 [1, 8, 1, 1, 8, 1, 1, 8, 1, 1, 8, 1, 1, 8, 1, 1, 1, 1, 1, 8, 1, 1, 8, 1, 1, 8, 1, 3, 1, 8, 1],
 [1, 8, 1, 1, 8, 8, 8, 8, 1, 1, 8, 8, 8, 8, 8, 8, 8, 8, 8, 8, 1, 1, 8, 8, 8, 8, 1, 3, 1, 8, 1],
 [1, 8, 1, 1, 1, 1, 1, 8, 1, 1, 8, 1, 1, 1, 1, 1, 8, 1, 1, 1, 1, 1, 1, 1, 1, 8, 1, 3, 1, 8, 1],
 [1, 8, 1, 1, 1, 1, 1, 8, 1, 1, 8, 1, 1, 1, 1, 1, 8, 1, 1, 1, 1, 1, 1, 1, 1, 8, 1, 1, 1, 8, 1],
 [1, 8, 1, 1, 8, 8, 8, 8, 8, 8, 8, 8, 8, 8, 8, 8, 8, 8, 8, 8, 8, 8, 8, 8, 8, 8, 8, 8, 8, 8, 1],
 [1, 8, 1, 1, 8, 1, 1, 1, 1, 1, 8, 1, 1, 1, 1, 1, 1, 1, 1, 1, 1, 1, 8, 1, 1, 8, 1, 1, 1, 8, 1],
 [1, 8, 1, 1, 8, 1, 1, 1, 1, 1, 8, 1, 3, 3, 3, 3, 3, 3, 3, 3, 3, 1, 8, 1, 1, 8, 1, 3, 1, 8, 1],
 [1, 8, 1, 1, 8, 8, 8, 8, 1, 1, 8, 1, 3, 3, 3, 3, 3, 3, 3, 3, 3, 1, 8, 1, 1, 8, 1, 3, 1, 8, 1],
 [1, 8, 1, 1, 8, 1, 1, 8, 1, 1, 8, 1, 3, 3, 3, 3, 3, 3, 3, 3, 3, 1, 8, 1, 1, 8, 1, 1, 1, 8, 1],
 [1, 8, 8, 8, 8, 1, 1, 8, 8, 8, 8, 1, 3, 3, 3, 3, 3, 3, 3, 3, 3, 1, 8, 8, 8, 8, 8, 8, 8, 8, 1],
 [1, 1, 1, 1, 1, 1, 1, 1, 1, 1, 1, 1, 3, 3, 3, 3, 3, 3, 3, 3, 3, 1, 1, 1, 1, 1, 1, 1, 1, 1, 1]]